   2.0088435e+00
   2.0200074e+00
   2.2232092e+00
   2.2340822e+00
   2.2907273e+00
   2.3464358e+00
   2.5587619e+00
   2.5958523e+00
   2.6590381e+00
   2.8474650e+00
   2.8547861e+00
   3.3096276e+00
   3.6562245e+00
   3.7723751e+00
   3.8573786e+00
   3.9026236e+00
   3.9141628e+00
   3.9508604e+00
   3.9981953e+00
   4.2058358e+00
   4.3792573e+00
   4.4804993e+00
   4.4860889e+00
   4.6246313e+00
   4.6564423e+00
   4.8436917e+00
   5.1333278e+00
   5.1901492e+00
   5.1995262e+00
   5.4057063e+00
   5.5651128e+00
   5.6977707e+00
   5.9445900e+00
   6.0161850e+00
   6.1071013e+00
   6.2364658e+00
   6.7390782e+00
   6.7479235e+00
   6.7690368e+00
   6.9925278e+00
   7.0097408e+00
   7.1744328e+00
   7.2957567e+00
   7.3217697e+00
   7.4108174e+00
   7.4811237e+00
   7.7055493e+00
   7.7106893e+00
   7.8295565e+00
   7.9035307e+00
