   7.4772146e-01
   7.2427291e-01
   7.5846462e-01
   6.8829618e-01
   7.4515924e-01
   7.3133500e-01
   7.6161992e-01
   9.0054680e-01
   7.2775138e-01
   8.1191294e-01
   8.0640395e-01
   8.5366301e-01
   9.3657272e-01
   9.0479941e-01
   8.3858288e-01
   8.1198515e-01
   9.3831802e-01
   8.5855737e-01
   8.8464501e-01
   9.5592056e-01
   8.6877554e-01
   1.0349552e+00
   9.7452882e-01
   9.6992819e-01
   1.0342688e+00
   1.0464331e+00
   1.0059088e+00
   1.0857289e+00
   1.0612227e+00
   1.1101022e+00
   1.0805207e+00
   1.0700372e+00
   1.1792740e+00
   1.0649213e+00
   1.1479808e+00
   1.2296909e+00
   1.1201489e+00
   1.1847930e+00
   1.1812838e+00
   1.1601387e+00
   1.1896182e+00
   1.2329301e+00
   1.3307097e+00
   1.2708520e+00
   1.2265712e+00
   1.1523643e+00
   1.2757183e+00
   1.2885591e+00
   1.2481811e+00
   1.3504667e+00
